<Reelset reelName="Test reelset" range="0 0" section="-1" sectionName="test_section" isMainCycle="true" isFreeSpin="false" isRespin="false" isStartScreen="true" betsIndices="1 2 3" isFortuneBet="false">
            <Reel>
                <Symbols>2,7,3,3,1,5,6,8,1,1,7,3,8,7,6,5,8,6,4,5,6,2,2,8,1,1,3,3,1,4,4,5,7,4,4,8,2,2,4,3,5,7,4,4,2,6,3,3</Symbols>
                <Weights>1,1,1,1,1,1,1,1,1,1,1,1,1,1,1,1,1,1,1,1,1,1,1,1,1,1,1,1,1,1,1,1,1,1,1,1,1,1,1,1,1,1,1,1,1,1,1,1</Weights>
            </Reel>
            <Reel>
                <Symbols>7,3,3,8,6,4,2,2,4,4,7,5,2,4,5,1,1,4,4,1,7,2,2,8,3,3,2,7,8,5,6,3,3,5,8,3,1,8,5,6,1,1,6,7,3,6,4,4</Symbols>
                <Weights>1,1,1,1,1,1,1,1,1,1,1,1,1,1,1,1,1,1,1,1,1,1,1,1,1,1,1,1,1,1,1,1,1,1,1,1,1,1,1,1,1,1,1,1,1,1,1,1</Weights>
            </Reel>
            <Reel>
                <Symbols>8,12,15,16,4,4,17,18,14,6,7,8,2,1,1,8,3,3,32,32,11,4,4,7,3,3,18,16,19,2,2,1,5,6,3,5,1,8,12,14,31,7,4,4,5,1,1,5,7,3,3,6,8,0,0,0,32,19,14,3,6,7,2,14,14,19,4,5,2,2,32,14,14,4,6</Symbols>
                <Weights>1,1,1,1,1,1,1,1,1,1,1,1,1,1,1,1,1,1,1,1,1,1,1,1,1,1,1,1,1,1,1,1,1,1,1,1,1,1,1,1,1,1,1,1,1,1,1,1,1,1,1,1,1,1,1,1,1,1,1,1,1,1,1,1,1,1,1,1,1,1,1,1,1,1,1</Weights>
            </Reel>
            <Reel>
                <Symbols>3,6,7,3,3,6,4,1,1,7,4,2,7,8,1,1,8,3,5,6,2,2,5,4,4,5,6,0,0,0,8,7,1,3,3,8,1,3,3,8,2,5,6,2,2,4,4,5,7,4,4</Symbols>
                <Weights>1,1,1,1,1,1,1,1,1,1,1,1,1,1,1,1,1,1,1,1,1,1,1,1,1,1,1,1,1,1,1,1,1,1,1,1,1,1,1,1,1,1,1,1,1,1,1,1,1,1,1</Weights>
            </Reel>
            <Reel>
                <Symbols>7,6,2,2,1,1,6,4,4,1,1,2,6,8,5,4,4,2,2,1,5,8,6,7,3,3,4,4,8,7,5,4,3,7,1,5,7,2,3,3,6,8,3,3,5,4,3,8</Symbols>
                <Weights>1,1,1,1,1,1,1,1,1,1,1,1,1,1,1,1,1,1,1,1,1,1,1,1,1,1,1,1,1,1,1,1,1,1,1,1,1,1,1,1,1,1,1,1,1,1,1,1</Weights>
            </Reel>
        </Reelset>