        <Reelset reelName="Test reelset" range="0 0" section="-1" sectionName="test_section" isMainCycle="true" isFreeSpin="false" isRespin="false" isStartScreen="true" betsIndices="1 2 3" isFortuneBet="false">
            <Reel>
                <Symbols>7,0,6,5,4,4,3,3,4,0,6,8,1,6,3,3,2,2,8,3,3,5,4,4,5,7,2,2,7,8,1,1,6,3,7,5,2,8,5,4,4,6,1,1,7,0,2,3,8,1,4</Symbols>
                <Weights>1,1,1,1,1,1,1,1,1,1,1,1,1,1,1,1,1,1,1,1,1,1,1,1,1,1,1,1,1,1,1,1,1,1,1,1,1,1,1,1,1,1,1,1,1,1,1,1,1,1,1</Weights>
            </Reel>
            <Reel>
                <Symbols>7,5,8,1,1,7,6,8,2,6,3,3,7,5,4,4,2,6,3,3,4,2,2,4,6,1,8,4,4,7,5,3,1,1,3,7,8,3,3,5,1,4,4,2,2,5,6,8</Symbols>
                <Weights>1,1,1,1,1,1,1,1,1,1,1,1,1,1,1,1,1,1,1,1,1,1,1,1,1,1,1,1,1,1,1,1,1,1,1,1,1,1,1,1,1,1,1,1,1,1,1,1</Weights>
            </Reel>
            <Reel>
                <Symbols>6,16,1,1,8,3,3,30,2,2,7,3,3,7,18,8,6,3,8,6,1,7,15,3,3,14,4,5,8,4,4,5,17,6,4,5,13,2,4,4,8,7,12,2,2,5,4,4,1,5,3,6,2,11,1,1,19,7</Symbols>
                <Weights>1,1,1,1,1,1,1,1,1,1,1,1,1,1,1,1,1,1,1,1,1,1,1,1,1,1,1,1,1,1,1,1,1,1,1,1,1,1,1,1,1,1,1,1,1,1,1,1,1,1,1,1,1,1,1,1,1,1</Weights>
            </Reel>
            <Reel>
                <Symbols>18,7,2,2,16,4,4,0,8,5,3,3,11,8,1,19,4,4,6,8,17,7,6,1,0,5,13,1,1,7,2,3,14,0,7,5,6,7,1,1,31,2,2,15,3,3,4,6,8,5,12,6,3,3,4,8,3,2,5,4,4</Symbols>
                <Weights>1,1,1,1,1,1,1,1,1,1,1,1,1,1,1,1,1,1,1,1,1,1,1,1,1,1,1,1,1,1,1,1,1,1,1,1,1,1,1,1,1,1,1,1,1,1,1,1,1,1,1,1,1,1,1,1,1,1,1,1,1</Weights>
            </Reel>
            <Reel>
                <Symbols>3,3,7,2,5,14,6,7,5,3,3,16,6,8,5,4,4,12,5,3,1,6,8,1,1,17,7,4,4,18,1,1,13,2,2,32,4,4,8,15,3,3,11,8,6,4,1,7,8,2,2,3,19,5,2,7,6,4</Symbols>
                <Weights>1,1,1,1,1,1,1,1,1,1,1,1,1,1,1,1,1,1,1,1,1,1,1,1,1,1,1,1,1,1,1,1,1,1,1,1,1,1,1,1,1,1,1,1,1,1,1,1,1,1,1,1,1,1,1,1,1,1</Weights>
            </Reel>
        </Reelset>