        <Reelset reelName="Test reelset" range="0 0" section="-1" sectionName="test_section" isMainCycle="true" isFreeSpin="false" isRespin="false" isStartScreen="true" betsIndices="1 2 3" isFortuneBet="false">
            <Reel>
                <Symbols>7,4,4,5,2,2,4,4,7,1,3,3,1,1,5,6,2,2,5,6,8,0,0,0,3,3,4,4,7,8,2,6,4,3,8,7,5,2,7,6,1,1,4,8,5,3,3,6,8,1,3</Symbols>
                <Weights>1,1,1,1,1,1,1,1,1,1,1,1,1,1,1,1,1,1,1,1,1,1,1,1,1,1,1,1,1,1,1,1,1,1,1,1,1,1,1,1,1,1,1,1,1,1,1,1,1,1,1</Weights>
            </Reel>
            <Reel>
                <Symbols>5,3,3,16,12,2,2,3,8,32,13,6,4,4,6,1,4,4,6,31,14,5,1,11,32,6,4,8,2,2,7,5,18,32,8,4,4,3,7,4,12,18,1,1,8,5,7,19,18,6,3,3,18,15,1,1,5,7,2,8,7,3,3,2</Symbols>
                <Weights>1,1,1,1,1,1,1,1,1,1,1,1,1,1,1,1,1,1,1,1,1,1,1,1,1,1,1,1,1,1,1,1,1,1,1,1,1,1,1,1,1,1,1,1,1,1,1,1,1,1,1,1,1,1,1,1,1,1,1,1,1,1,1,1</Weights>
            </Reel>
            <Reel>
                <Symbols>3,5,8,3,3,5,8,6,4,2,3,4,4,1,1,8,7,4,4,3,3,5,4,2,2,7,6,1,7,2,2,3,3,7,8,2,4,4,6,7,1,1,6,5,1,6,5,8</Symbols>
                <Weights>1,1,1,1,1,1,1,1,1,1,1,1,1,1,1,1,1,1,1,1,1,1,1,1,1,1,1,1,1,1,1,1,1,1,1,1,1,1,1,1,1,1,1,1,1,1,1,1</Weights>
            </Reel>
            <Reel>
                <Symbols>6,1,8,6,3,3,6,1,1,4,4,8,7,2,5,3,3,5,1,1,3,3,7,8,4,6,3,4,4,2,2,7,0,0,0,4,4,2,2,8,7,1,5,3,8,4,7,5,6,2,5</Symbols>
                <Weights>1,1,1,1,1,1,1,1,1,1,1,1,1,1,1,1,1,1,1,1,1,1,1,1,1,1,1,1,1,1,1,1,1,1,1,1,1,1,1,1,1,1,1,1,1,1,1,1,1,1,1</Weights>
            </Reel>
            <Reel>
                <Symbols>4,4,8,7,32,4,4,7,5,19,6,7,5,6,3,3,17,2,2,6,7,1,8,5,11,3,2,5,4,3,3,16,1,1,3,4,8,6,4,4,15,2,2,8,13,6,3,3,18,2,5,1,7,14,8,1,1,12</Symbols>
                <Weights>1,1,1,1,1,1,1,1,1,1,1,1,1,1,1,1,1,1,1,1,1,1,1,1,1,1,1,1,1,1,1,1,1,1,1,1,1,1,1,1,1,1,1,1,1,1,1,1,1,1,1,1,1,1,1,1,1,1</Weights>
            </Reel>
        </Reelset>