
        <Reelset reelName="Test reelset" range="0 0" section="-1" sectionName="test_section" isMainCycle="true" isFreeSpin="false" isRespin="false" isStartScreen="true" betsIndices="1 2 3" isFortuneBet="false">
            <Reel>
                <Symbols>1,3,7,8,3,3,4,2,2,5,6,7,5,3,4,6,5,1,8,5,0,0,0,4,4,5,1,1,4,4,7,2,4,4,6,1,1,8,3,3,6,8,3,3,8,2,2,7,6,2,7</Symbols>
                <Weights>1,1,1,1,1,1,1,1,1,1,1,1,1,1,1,1,1,1,1,1,1,1,1,1,1,1,1,1,1,1,1,1,1,1,1,1,1,1,1,1,1,1,1,1,1,1,1,1,1,1,1</Weights>
            </Reel>
            <Reel>
                <Symbols>4,4,7,17,12,30,6,3,17,32,19,4,4,8,6,7,1,14,32,12,0,0,0,7,3,3,31,16,32,6,8,2,2,16,11,14,1,5,32,15,12,4,8,1,1,7,3,3,6,31,15,17,2,2,5,4,3,3,5,8,7,1,1,11,18,11,5,4,4,2,5,3,2,6,8</Symbols>
                <Weights>1,1,1,1,1,1,1,1,1,1,1,1,1,1,1,1,1,1,1,1,1,1,1,1,1,1,1,1,1,1,1,1,1,1,1,1,1,1,1,1,1,1,1,1,1,1,1,1,1,1,1,1,1,1,1,1,1,1,1,1,1,1,1,1,1,1,1,1,1,1,1,1,1,1,1</Weights>
            </Reel>
            <Reel>
                <Symbols>3,4,4,8,1,6,4,4,8,1,1,3,3,2,7,4,4,5,6,7,5,6,7,2,2,8,3,3,1,1,7,2,3,5,1,4,8,2,2,6,5,4,7,3,3,5,8,6</Symbols>
                <Weights>1,1,1,1,1,1,1,1,1,1,1,1,1,1,1,1,1,1,1,1,1,1,1,1,1,1,1,1,1,1,1,1,1,1,1,1,1,1,1,1,1,1,1,1,1,1,1,1</Weights>
            </Reel>
            <Reel>
                <Symbols>8,1,1,4,3,3,4,4,6,7,3,3,6,8,5,2,1,1,4,4,3,8,1,7,3,3,8,2,2,7,5,6,2,2,4,4,6,5,7,1,5,8,2,6,3,5,7,4</Symbols>
                <Weights>1,1,1,1,1,1,1,1,1,1,1,1,1,1,1,1,1,1,1,1,1,1,1,1,1,1,1,1,1,1,1,1,1,1,1,1,1,1,1,1,1,1,1,1,1,1,1,1</Weights>
            </Reel>
            <Reel>
                <Symbols>8,5,4,6,3,3,5,6,7,5,2,1,4,4,7,6,4,4,2,1,3,7,6,4,8,7,6,3,3,7,2,2,8,5,4,4,2,2,1,1,5,8,3,3,8,1,1,3</Symbols>
                <Weights>1,1,1,1,1,1,1,1,1,1,1,1,1,1,1,1,1,1,1,1,1,1,1,1,1,1,1,1,1,1,1,1,1,1,1,1,1,1,1,1,1,1,1,1,1,1,1,1</Weights>
            </Reel>
        </Reelset>