        <Reelset reelName="Test reelset" range="0 0" section="-1" sectionName="test_section" isMainCycle="true" isFreeSpin="false" isRespin="false" isStartScreen="true" betsIndices="1 2 3" isFortuneBet="false">
            <Reel>
                <Symbols>6,1,3,3,4,4,8,3,4,4,5,1,7,8,6,5,7,2,4,1,1,2,8,7,4,5,3,3,5,2,2,4,4,7,1,1,6,8,2,2,3,3,6,5,8,6,7,3</Symbols>
                <Weights>1,1,1,1,1,1,1,1,1,1,1,1,1,1,1,1,1,1,1,1,1,1,1,1,1,1,1,1,1,1,1,1,1,1,1,1,1,1,1,1,1,1,1,1,1,1,1,1</Weights>
            </Reel>
            <Reel>
                <Symbols>4,4,5,8,2,1,1,2,2,7,4,4,3,3,8,2,3,3,6,5,8,2,2,6,7,5,4,4,7,5,3,3,6,1,4,8,1,6,5,4,3,7,1,1,7,8,6,3</Symbols>
                <Weights>1,1,1,1,1,1,1,1,1,1,1,1,1,1,1,1,1,1,1,1,1,1,1,1,1,1,1,1,1,1,1,1,1,1,1,1,1,1,1,1,1,1,1,1,1,1,1,1</Weights>
            </Reel>
            <Reel>
                <Symbols>3,3,7,1,4,4,3,7,4,3,1,6,2,2,6,5,2,6,5,1,1,6,4,4,8,7,4,8,3,3,2,8,7,2,2,5,4,4,5,1,1,5,7,8,3,3,6,8</Symbols>
                <Weights>1,1,1,1,1,1,1,1,1,1,1,1,1,1,1,1,1,1,1,1,1,1,1,1,1,1,1,1,1,1,1,1,1,1,1,1,1,1,1,1,1,1,1,1,1,1,1,1</Weights>
            </Reel>
            <Reel>
                <Symbols>6,3,3,4,4,6,3,3,7,6,3,8,1,2,5,4,7,5,1,8,3,4,4,1,1,2,7,4,1,1,6,5,8,7,5,8,6,2,2,8,7,3,3,2,2,5,4,4</Symbols>
                <Weights>1,1,1,1,1,1,1,1,1,1,1,1,1,1,1,1,1,1,1,1,1,1,1,1,1,1,1,1,1,1,1,1,1,1,1,1,1,1,1,1,1,1,1,1,1,1,1,1</Weights>
            </Reel>
            <Reel>
                <Symbols>5,7,8,7,5,3,8,2,1,6,17,13,17,7,3,3,32,15,18,2,2,31,17,12,3,3,4,31,30,30,8,3,3,1,6,5,3,7,6,5,4,4,31,31,14,7,6,1,1,4,5,8,1,1,19,11,12,4,4,2,0,0,0,11,30,14,4,4,17,12,32,2,2,6,8</Symbols>
                <Weights>1,1,1,1,1,1,1,1,1,1,1,1,1,1,1,1,1,1,1,1,1,1,1,1,1,1,1,1,1,1,1,1,1,1,1,1,1,1,1,1,1,1,1,1,1,1,1,1,1,1,1,1,1,1,1,1,1,1,1,1,1,1,1,1,1,1,1,1,1,1,1,1,1,1,1</Weights>
            </Reel>
        </Reelset>