        <Reelset reelName="Test reelset" range="0 0" section="-1" sectionName="test_section" isMainCycle="true" isFreeSpin="false" isRespin="false" isStartScreen="true" betsIndices="1 2 3" isFortuneBet="false">
            <Reel>
                <Symbols>7,4,6,12,3,3,6,7,3,3,6,4,4,5,2,2,3,4,4,32,3,3,5,8,1,1,5,3,19,4,8,11,1,5,15,2,8,7,6,8,18,2,2,13,7,5,1,1,8,14,2,1,7,16,4,4,17,6</Symbols>
                <Weights>1,1,1,1,1,1,1,1,1,1,1,1,1,1,1,1,1,1,1,1,1,1,1,1,1,1,1,1,1,1,1,1,1,1,1,1,1,1,1,1,1,1,1,1,1,1,1,1,1,1,1,1,1,1,1,1,1,1</Weights>
            </Reel>
            <Reel>
                <Symbols>2,2,4,31,5,3,3,7,2,3,3,8,1,1,6,5,15,2,7,3,8,14,4,4,5,1,1,13,2,2,5,0,12,7,1,6,0,16,7,6,3,4,4,5,7,19,6,4,8,0,1,6,11,8,4,4,18,8,3,3,17</Symbols>
                <Weights>1,1,1,1,1,1,1,1,1,1,1,1,1,1,1,1,1,1,1,1,1,1,1,1,1,1,1,1,1,1,1,1,1,1,1,1,1,1,1,1,1,1,1,1,1,1,1,1,1,1,1,1,1,1,1,1,1,1,1,1,1</Weights>
            </Reel>
            <Reel>
                <Symbols>5,4,4,3,8,2,7,4,15,3,3,30,6,8,19,2,2,12,6,3,1,8,7,3,3,14,5,1,1,6,7,11,2,8,4,7,16,5,3,3,13,7,8,5,1,1,17,4,4,1,2,2,5,6,18,4,4,6</Symbols>
                <Weights>1,1,1,1,1,1,1,1,1,1,1,1,1,1,1,1,1,1,1,1,1,1,1,1,1,1,1,1,1,1,1,1,1,1,1,1,1,1,1,1,1,1,1,1,1,1,1,1,1,1,1,1,1,1,1,1,1,1</Weights>
            </Reel>
            <Reel>
                <Symbols>5,2,2,4,6,3,3,4,4,8,5,2,3,6,1,3,3,7,4,4,8,7,1,1,6,8,5,6,2,4,4,8,5,1,7,3,3,7,8,2,2,5,1,1,6,7,3,4</Symbols>
                <Weights>1,1,1,1,1,1,1,1,1,1,1,1,1,1,1,1,1,1,1,1,1,1,1,1,1,1,1,1,1,1,1,1,1,1,1,1,1,1,1,1,1,1,1,1,1,1,1,1</Weights>
            </Reel>
            <Reel>
                <Symbols>7,6,4,5,3,7,5,4,8,3,3,8,2,2,7,5,3,4,4,5,1,1,8,7,6,2,0,1,8,6,2,3,3,6,1,0,3,3,5,4,4,8,2,2,1,1,7,0,6,4,4</Symbols>
                <Weights>1,1,1,1,1,1,1,1,1,1,1,1,1,1,1,1,1,1,1,1,1,1,1,1,1,1,1,1,1,1,1,1,1,1,1,1,1,1,1,1,1,1,1,1,1,1,1,1,1,1,1</Weights>
            </Reel>
        </Reelset>