        <Reelset reelName="Test reelset" range="0 0" section="-1" sectionName="test_section" isMainCycle="true" isFreeSpin="false" isRespin="false" isStartScreen="true" betsIndices="1 2 3" isFortuneBet="false">
            <Reel>
                <Symbols>7,6,5,3,3,6,2,1,6,4,4,6,1,8,4,5,1,1,3,5,7,2,2,8,3,3,7,4,3,3,8,5,7,8,2,2,3,1,1,4,4,8,7,2,5,6,4,4</Symbols>
                <Weights>1,1,1,1,1,1,1,1,1,1,1,1,1,1,1,1,1,1,1,1,1,1,1,1,1,1,1,1,1,1,1,1,1,1,1,1,1,1,1,1,1,1,1,1,1,1,1,1</Weights>
            </Reel>
            <Reel>
                <Symbols>3,5,2,4,4,8,0,4,3,3,0,6,8,5,3,3,2,2,1,1,4,4,6,3,8,5,6,3,3,4,2,2,7,1,6,5,7,8,5,1,1,7,2,0,7,1,6,8,4,4,7</Symbols>
                <Weights>1,1,1,1,1,1,1,1,1,1,1,1,1,1,1,1,1,1,1,1,1,1,1,1,1,1,1,1,1,1,1,1,1,1,1,1,1,1,1,1,1,1,1,1,1,1,1,1,1,1,1</Weights>
            </Reel>
            <Reel>
                <Symbols>1,3,3,6,1,30,7,8,1,1,5,18,3,3,8,4,17,5,3,3,6,4,4,19,7,2,2,15,5,4,4,7,6,2,2,5,8,2,5,16,6,8,7,3,14,8,2,13,6,1,1,12,4,4,3,11,7,4</Symbols>
                <Weights>1,1,1,1,1,1,1,1,1,1,1,1,1,1,1,1,1,1,1,1,1,1,1,1,1,1,1,1,1,1,1,1,1,1,1,1,1,1,1,1,1,1,1,1,1,1,1,1,1,1,1,1,1,1,1,1,1,1</Weights>
            </Reel>
            <Reel>
                <Symbols>8,19,14,5,7,13,31,6,1,1,8,4,4,17,32,7,5,8,3,3,2,1,1,3,15,15,5,6,1,13,31,2,2,15,12,8,5,2,7,4,3,3,6,4,1,7,3,8,14,32,6,2,2,5,3,3,19,15,4,4,6,7,4,4</Symbols>
                <Weights>1,1,1,1,1,1,1,1,1,1,1,1,1,1,1,1,1,1,1,1,1,1,1,1,1,1,1,1,1,1,1,1,1,1,1,1,1,1,1,1,1,1,1,1,1,1,1,1,1,1,1,1,1,1,1,1,1,1,1,1,1,1,1,1</Weights>
            </Reel>
            <Reel>
                <Symbols>6,3,4,4,2,8,0,5,8,1,0,3,3,0,5,8,1,1,7,3,6,8,2,2,6,3,3,7,5,4,4,7,8,2,2,4,4,5,1,6,4,3,3,7,6,5,1,1,4,7,2</Symbols>
                <Weights>1,1,1,1,1,1,1,1,1,1,1,1,1,1,1,1,1,1,1,1,1,1,1,1,1,1,1,1,1,1,1,1,1,1,1,1,1,1,1,1,1,1,1,1,1,1,1,1,1,1,1</Weights>
            </Reel>
        </Reelset>