<Reelset reelName="CF Fictive" range="77 99" section="3" sectionName="Spectacular Link" isMainCycle="false" isFreeSpin="true" isRespin="true" isStartScreen="false" betsIndices="0 1 2 3 4 5 6 7 8 9 10 11 12 13 14 15 16 17 18 19 20 21 22 23 24 25" isFortuneBet="False">
            <Reel>
                <Symbols>2,2,32,1,1,8,11,5,1,11,6,5,11,7,0,0,0,18,5,2,2,11,3,3,12,13,4,4,7,11,14,12,3,3,11,14,11,7,4,8,5,14,11,7,8,3,3,13,4,4,6,12,11,2,3,12,1,1,11,12,7,3,6,11,8,4,4,6,11,8,2,11,11,4,5,1,12,13,11,6</Symbols>
                <Weights>1,1,1,1,1,1,1,1,1,1,1,1,1,1,1,1,1,1,1,1,1,1,1,1,1,1,1,1,1,1,1,1,1,1,1,1,1,1,1,1,1,1,1,1,1,1,1,1,1,1,1,1,1,1,1,1,1,1,1,1,1,1,1,1,1,1,1,1,1,1,1,1,1,1,1,1,1,1,1,1</Weights>
            </Reel>
            <Reel>
                <Symbols>4,6,5,11,3,3,13,6,1,8,11,4,4,6,11,12,7,2,12,13,3,8,1,7,13,11,5,3,3,7,11,14,1,1,12,7,2,2,8,4,4,17,2,2,8,4,4,11,5,6,11,2,7,6,31,5,3,3,8,4,11,5,3,11,11,0,0,0,11,1,1</Symbols>
                <Weights>1,1,1,1,1,1,1,1,1,1,1,1,1,1,1,1,1,1,1,1,1,1,1,1,1,1,1,1,1,1,1,1,1,1,1,1,1,1,1,1,1,1,1,1,1,1,1,1,1,1,1,1,1,1,1,1,1,1,1,1,1,1,1,1,1,1,1,1,1,1,1</Weights>
            </Reel>
            <Reel>
                <Symbols>4,4,11,3,3,2,8,13,11,7,2,2,6,5,11,1,7,11,6,3,5,11,12,2,8,4,4,5,13,7,3,6,11,8,4,4,12,1,1,11,2,2,6,11,8,7,4,12,11,3,3,11,11,1,8,16,4,3,3,14,11,1,1,5,6,30,7,5</Symbols>
                <Weights>1,1,1,1,1,1,1,1,1,1,1,1,1,1,1,1,1,1,1,1,1,1,1,1,1,1,1,1,1,1,1,1,1,1,1,1,1,1,1,1,1,1,1,1,1,1,1,1,1,1,1,1,1,1,1,1,1,1,1,1,1,1,1,1,1,1,1,1</Weights>
            </Reel>
            <Reel>
                <Symbols>4,11,12,5,6,19,4,4,11,3,5,7,11,13,3,3,13,12,11,5,8,1,1,14,12,11,2,2,6,11,5,8,1,11,3,3,12,13,2,8,11,1,1,6,11,7,1,4,4,11,11,8,3,12,11,4,6,12,3,3,7,11,2,8,5,13,7,4,4,14,12,11,2,2,6,15,7</Symbols>
                <Weights>1,1,1,1,1,1,1,1,1,1,1,1,1,1,1,1,1,1,1,1,1,1,1,1,1,1,1,1,1,1,1,1,1,1,1,1,1,1,1,1,1,1,1,1,1,1,1,1,1,1,1,1,1,1,1,1,1,1,1,1,1,1,1,1,1,1,1,1,1,1,1,1,1,1,1,1,1</Weights>
            </Reel>
            <Reel>
                <Symbols>6,4,4,5,7,13,12,4,4,3,2,2,8,1,11,11,2,7,11,3,3,11,8,5,13,4,1,1,13,11,6,3,3,12,1,1,5,14,7,3,8,11,12,6,2,11,3,3,11,5,6,4,4,18,2,2,7,5,11,8,6,4,12,11,1,8,11,7</Symbols>
                <Weights>1,1,1,1,1,1,1,1,1,1,1,1,1,1,1,1,1,1,1,1,1,1,1,1,1,1,1,1,1,1,1,1,1,1,1,1,1,1,1,1,1,1,1,1,1,1,1,1,1,1,1,1,1,1,1,1,1,1,1,1,1,1,1,1,1,1,1,1</Weights>
            </Reel>
        </Reelset>