3 5

3 3
35 [3 1]
11 [9 3] [5 2] [3 1]
30 [1 1]
9
0 [1 5]
1 [4 2] [3 1]
2 [4 2] [3 1]
3 [5 2] [3 1]
4 [5 2] [3 1]
5 [16 1]
6 [16 1]
7 [16 1]
8 [16 1]

3 3
35 [3 1]
11 [9 3] [5 2] [3 1]
30 [1 1]
9
0 [1 5]
1 [4 2] [3 1]
2 [4 2] [3 1]
3 [5 2] [3 1]
4 [5 2] [3 1]
5 [16 1]
6 [16 1]
7 [16 1]
8 [16 1]

6 3
35 [3 1]
11 [9 3] [5 2] [3 1]
30 [1 1]
31 [1 1]
32 [1 1]
33 [1 1]
9
0 [1 5]
1 [4 2] [3 1]
2 [4 2] [3 1]
3 [5 2] [3 1]
4 [5 2] [3 1]
5 [16 1]
6 [16 1]
7 [16 1]
8 [16 1]

3 3
35 [3 1]
11 [9 3] [5 2] [3 1]
30 [1 1]
9
0 [1 5]
1 [4 2] [3 1]
2 [4 2] [3 1]
3 [5 2] [3 1]
4 [5 2] [3 1]
5 [16 1]
6 [16 1]
7 [16 1]
8 [16 1]

3 3
35 [3 1]
11 [9 3] [5 2] [3 1]
30 [1 1]
9
0 [1 5]
1 [4 2] [3 1]
2 [4 2] [3 1]
3 [5 2] [3 1]
4 [5 2] [3 1]
5 [16 1]
6 [16 1]
7 [16 1]
8 [16 1]


7337   !263  !1191   !9   !1100 100
[[0-8] [35]  [11]  [30]  [11]  [11]]
[[0-8] [0-8] [0-8] [0-8] [11]  [11]]
[[0-8] [0-8] [0-8] [0-8] [0-8] [11]]

7337   !263  !1191   !9   !1100  100
[[0-8] [35]  [11]  [30]  [11]  [11]]
[[0-8] [0-8] [0-8] [0-8] [11]  [11]]
[[0-8] [0-8] [0-8] [0-8] [0-8] [11]]

7337   !263  !1176  !6    !6    !6    !6    !1100  100
[[0-8] [35]  [11]  [30]  [31]  [32]  [33]  [11]  [11]]
[[0-8] [0-8] [0-8] [0-8] [0-8] [0-8] [0-8] [11]  [11]]
[[0-8] [0-8] [0-8] [0-8] [0-8] [0-8] [0-8] [0-8] [11]]

7337   !263  !1191   !9    !1100  100
[[0-8] [35]  [11]  [30]  [11]  [11]]
[[0-8] [0-8] [0-8] [0-8] [11]  [11]]
[[0-8] [0-8] [0-8] [0-8] [0-8] [11]]

7337   !263  !1191  !9    !1100  100
[[0-8] [35]  [11]  [30]  [11]  [11]]
[[0-8] [0-8] [0-8] [0-8] [11]  [11]]
[[0-8] [0-8] [0-8] [0-8] [0-8] [11]]
