3 5

0 0
9
0 [3 1]
1 [2 2] [2 1]
2 [2 2] [2 1]
3 [3 2] [2 1]
4 [3 2] [2 1]
5 [5 1]
6 [5 1]
7 [5 1]
8 [5 1]

0 0
8
1 [2 2] [2 1]
2 [2 2] [2 1]
3 [3 2] [2 1]
4 [3 2] [2 1]
5 [5 1]
6 [5 1]
7 [5 1]
8 [5 1]

1 2
11 [10 1]
8
1 [2 2] [2 1]
2 [2 2] [2 1]
3 [3 2] [2 1]
4 [3 2] [2 1]
5 [5 1]
6 [5 1]
7 [5 1]
8 [5 1]

1 2
11 [10 1]
9
0 [3 1]
1 [2 2] [2 1]
2 [2 2] [2 1]
3 [3 2] [2 1]
4 [3 2] [2 1]
5 [5 1]
6 [5 1]
7 [5 1]
8 [5 1]

1 2
11 [10 1]
8
1 [2 2] [2 1]
2 [2 2] [2 1]
3 [3 2] [2 1]
4 [3 2] [2 1]
5 [5 1]
6 [5 1]
7 [5 1]
8 [5 1]
