3 5

3 2
11 [10 1]
35 [5 2]
36 [3 3]
9
0 [1 3]
1 [2 2] [2 1]
2 [2 2] [2 1]
3 [3 2] [2 1]
4 [3 2] [2 1]
5 [5 1]
6 [5 1]
7 [5 1]
8 [5 1]

2 2
11 [10 1]
35 [5 2]
9
0 [1 3]
1 [2 2] [2 1]
2 [2 2] [2 1]
3 [3 2] [2 1]
4 [3 2] [2 1]
5 [5 1]
6 [5 1]
7 [5 1]
8 [5 1]

2 2
11 [10 1]
35 [5 2]
8
1 [2 2] [2 1]
2 [2 2] [2 1]
3 [3 2] [2 1]
4 [3 2] [2 1]
5 [5 1]
6 [5 1]
7 [5 1]
8 [5 1]

3 2
11 [10 1]
35 [5 2]
36 [3 3]
8
1 [2 2] [2 1]
2 [2 2] [2 1]
3 [3 2] [2 1]
4 [3 2] [2 1]
5 [5 1]
6 [5 1]
7 [5 1]
8 [5 1]

2 2
11 [10 1]
35 [5 2]
8
1 [2 2] [2 1]
2 [2 2] [2 1]
3 [3 2] [2 1]
4 [3 2] [2 1]
5 [5 1]
6 [5 1]
7 [5 1]
8 [5 1]
