<Reelset reelName="Test reelset" betsIndices="1 2 3" range="0 0" isFortuneBet="false" isMainCycle="true" isStartScreen="true" isFreeSpin="false" sectionName="test_section" section="-1">
	<Reel>
		<Symbols>8,8,6,7,7,8,5,13,9,9,5,0,16,11,8,9,9,9,7,5,5,14,12,7,7,9,3,3,11,7,8,6,11,7,7,7,2,13,5,9,9,9,12,12,8,8,5,5,2,7,9,4,14,0,0,4,11,13,1,6,3,7,7,5,13,14,3,4,9,9,17,3,4,4,9,3,3,3,11,15,8,8,8,4,5,11,9,4,4,14,8,9,6,6,30,5,5,5,7,9,9,0,15,7,9,2,12,7,0,0,0,11,2,2,8,1,11,12,11,2,2,2,8,6,6,13,12,1,1,8,8,8,6,13,11,12,3,4,4,4,12,11,7,7,7,11,11,1,1,1,4,6,8,8,16,6,6,6,12</Symbols>
		<Weights>1,1,1,1,1,1,1,1,1,1,1,1,1,1,1,1,1,1,1,1,1,1,1,1,1,1,1,1,1,1,1,1,1,1,1,1,1,1,1,1,1,1,1,1,1,1,1,1,1,1,1,1,1,1,1,1,1,1,1,1,1,1,1,1,1,1,1,1,1,1,1,1,1,1,1,1,1,1,1,1,1,1,1,1,1,1,1,1,1,1,1,1,1,1,1,1,1,1,1,1,1,1,1,1,1,1,1,1,1,1,1,1,1,1,1,1,1,1,1,1,1,1,1,1,1,1,1,1,1,1,1,1,1,1,1,1,1,1,1,1,1,1,1,1,1,1,1,1,1,1,1,1,1,1,1,1,1,1,1</Weights>
	</Reel>
	<Reel>
		<Symbols>8,8,8,11,1,1,7,7,13,14,9,9,8,5,12,11,9,9,9,4,2,14,3,0,0,8,3,7,7,7,11,5,5,5,4,14,3,0,2,2,2,31,9,9,9,2,5,8,8,16,11,7,7,7,1,11,11,9,3,3,3,14,12,2,2,9,6,11,15,2,5,7,7,9,9,16,4,4,9,6,6,5,18,0,7,3,3,12,0,0,0,7,6,6,6,12,3,9,8,7,6,4,4,4,13,5,5,7,4,8,8,5,7,13,9,9,4,8,1,1,1,11,4,4,8,7,7,6,4,11,9,8,6,12,12,9,8,8,8,15,6,6,8,8,13,12,6,7,1,5,5,11,13</Symbols>
		<Weights>1,1,1,1,1,1,1,1,1,1,1,1,1,1,1,1,1,1,1,1,1,1,1,1,1,1,1,1,1,1,1,1,1,1,1,1,1,1,1,1,1,1,1,1,1,1,1,1,1,1,1,1,1,1,1,1,1,1,1,1,1,1,1,1,1,1,1,1,1,1,1,1,1,1,1,1,1,1,1,1,1,1,1,1,1,1,1,1,1,1,1,1,1,1,1,1,1,1,1,1,1,1,1,1,1,1,1,1,1,1,1,1,1,1,1,1,1,1,1,1,1,1,1,1,1,1,1,1,1,1,1,1,1,1,1,1,1,1,1,1,1,1,1,1,1,1,1,1,1,1,1,1,1</Weights>
	</Reel>
	<Reel>
		<Symbols>4,8,8,12,4,5,5,8,8,11,9,9,9,7,11,8,8,7,0,0,11,15,8,8,8,5,4,4,14,1,0,9,7,5,9,9,17,4,4,4,1,7,11,13,8,9,2,2,2,12,7,7,8,4,4,11,11,8,8,8,14,12,9,9,7,3,5,11,9,6,6,6,2,15,3,4,6,1,1,1,6,7,7,16,11,9,9,9,8,5,5,5,12,12,3,3,3,6,16,5,2,9,1,1,13,14,0,0,0,11,7,7,7,13,12,2,2,4,6,5,9,3,3,13,6,6,3,9,9,8,14,3,7,7,7,32,8,2,7,4,12,11,5,5,6,9,0,8,7,7,13,6,6</Symbols>
		<Weights>1,1,1,1,1,1,1,1,1,1,1,1,1,1,1,1,1,1,1,1,1,1,1,1,1,1,1,1,1,1,1,1,1,1,1,1,1,1,1,1,1,1,1,1,1,1,1,1,1,1,1,1,1,1,1,1,1,1,1,1,1,1,1,1,1,1,1,1,1,1,1,1,1,1,1,1,1,1,1,1,1,1,1,1,1,1,1,1,1,1,1,1,1,1,1,1,1,1,1,1,1,1,1,1,1,1,1,1,1,1,1,1,1,1,1,1,1,1,1,1,1,1,1,1,1,1,1,1,1,1,1,1,1,1,1,1,1,1,1,1,1,1,1,1,1,1,1,1,1,1,1,1,1</Weights>
	</Reel>
	<Reel>
		<Symbols>11,15,8,4,4,4,13,14,7,7,9,7,7,5,6,8,11,11,9,6,8,8,12,9,9,3,2,13,12,8,8,4,11,13,0,6,6,6,13,8,8,7,7,19,3,3,3,4,8,8,8,2,7,11,8,3,3,5,14,8,8,8,3,13,4,1,7,9,11,5,5,5,12,3,6,6,4,12,11,7,5,5,0,9,9,9,16,11,1,1,1,9,11,8,7,4,4,11,9,9,9,6,6,12,12,2,2,2,13,11,12,9,9,5,8,9,9,18,0,0,0,4,7,7,7,5,5,14,7,7,7,14,12,0,0,5,1,1,6,8,15,7,9,3,16,6,2,7,1,5,2,2,11,12,11,9,4,4,6</Symbols>
		<Weights>1,1,1,1,1,1,1,1,1,1,1,1,1,1,1,1,1,1,1,1,1,1,1,1,1,1,1,1,1,1,1,1,1,1,1,1,1,1,1,1,1,1,1,1,1,1,1,1,1,1,1,1,1,1,1,1,1,1,1,1,1,1,1,1,1,1,1,1,1,1,1,1,1,1,1,1,1,1,1,1,1,1,1,1,1,1,1,1,1,1,1,1,1,1,1,1,1,1,1,1,1,1,1,1,1,1,1,1,1,1,1,1,1,1,1,1,1,1,1,1,1,1,1,1,1,1,1,1,1,1,1,1,1,1,1,1,1,1,1,1,1,1,1,1,1,1,1,1,1,1,1,1,1,1,1,1,1,1,1</Weights>
	</Reel>
	<Reel>
		<Symbols>7,14,8,8,8,14,12,9,7,7,8,8,19,4,4,4,8,7,7,7,8,2,13,4,4,5,7,7,13,14,3,3,3,12,11,5,5,0,3,7,7,11,11,8,5,3,0,0,12,5,9,4,2,2,11,13,3,3,1,6,9,1,1,15,9,9,7,4,8,11,3,5,9,9,11,7,7,7,4,6,6,1,8,8,11,9,9,2,8,13,12,7,5,5,5,17,6,6,6,9,13,2,3,1,1,1,4,6,6,16,8,8,4,4,9,6,11,15,7,5,5,0,7,12,6,9,9,9,4,14,8,8,8,9,6,11,2,2,2,12,12,8,0,0,0,5,16,11,7,6,9,9,9</Symbols>
		<Weights>1,1,1,1,1,1,1,1,1,1,1,1,1,1,1,1,1,1,1,1,1,1,1,1,1,1,1,1,1,1,1,1,1,1,1,1,1,1,1,1,1,1,1,1,1,1,1,1,1,1,1,1,1,1,1,1,1,1,1,1,1,1,1,1,1,1,1,1,1,1,1,1,1,1,1,1,1,1,1,1,1,1,1,1,1,1,1,1,1,1,1,1,1,1,1,1,1,1,1,1,1,1,1,1,1,1,1,1,1,1,1,1,1,1,1,1,1,1,1,1,1,1,1,1,1,1,1,1,1,1,1,1,1,1,1,1,1,1,1,1,1,1,1,1,1,1,1,1,1,1,1,1,1</Weights>
	</Reel>
</Reelset>