3 5

1 2
9 [7 1]
9
0 [1 3]
1 [2 2] [2 1]
2 [2 2] [2 1]
3 [3 2] [2 1]
4 [3 2] [2 1]
5 [9 1]
6 [9 1]
7 [9 1]
8 [9 1]

1 2
9 [7 1]
9
0 [1 4]
1 [2 2] [2 1]
2 [2 2] [2 1]
3 [3 2] [2 1]
4 [3 2] [2 1]
5 [9 1]
6 [9 1]
7 [9 1]
8 [9 1]

1 2
9 [7 1]
9
0 [1 5]
1 [2 2] [2 1]
2 [2 2] [2 1]
3 [3 2] [2 1]
4 [3 2] [2 1]
5 [9 1]
6 [9 1]
7 [9 1]
8 [9 1]

1 2
9 [7 1]
9
0 [1 3] [1 4]
1 [2 2] [2 1]
2 [2 2] [2 1]
3 [3 2] [2 1]
4 [3 2] [2 1]
5 [9 1]
6 [9 1]
7 [9 1]
8 [9 1]

1 2
9 [7 1]
9
0 [1 3] [1 5]
1 [2 2] [2 1]
2 [2 2] [2 1]
3 [3 2] [2 1]
4 [3 2] [2 1]
5 [9 1]
6 [9 1]
7 [9 1]
8 [9 1]

!300   700
[[9]   [0-8]]
[[0-8] [0-8]]
[[0-8] [0-8]]

!110   890
[[9]   [0-8]]
[[0-8] [0-8]]
[[0-8] [0-8]]

!110   890
[[9]   [0-8]]
[[0-8] [0-8]]
[[0-8] [0-8]]

!250   750
[[9]   [0-8]]
[[0-8] [0-8]]
[[0-8] [0-8]]

!100   900
[[9]   [0-8]]
[[0-8] [0-8]]
[[0-8] [0-8]]
