3 5

0 0
9
0 [1 5]
1 [1 2] [1 1]
2 [1 2] [1 1]
3 [2 2] [1 1]
4 [2 2] [1 1]
5 [14 1]
6 [14 1]
7 [14 1]
8 [14 1]

0 0
9
0 [1 5]
1 [3 2] [3 1]
2 [3 2] [3 1]
3 [4 2] [3 1]
4 [4 2] [3 1]
5 [4 1]
6 [4 1]
7 [4 1]
8 [4 1]

0 0
9
0 [1 3]
1 [3 2] [3 1]
2 [3 2] [3 1]
3 [4 2] [3 1]
4 [4 2] [3 1]
5 [12 1]
6 [12 1]
7 [12 1]
8 [12 1]

0 0
9
0 [1 3]
1 [3 2] [3 1]
2 [3 2] [3 1]
3 [4 2] [3 1]
4 [4 2] [3 1]
5 [12 1]
6 [12 1]
7 [12 1]
8 [12 1]

0 0
9
0 [1 3]
1 [3 2] [3 1]
2 [3 2] [3 1]
3 [4 2] [3 1]
4 [4 2] [3 1]
5 [12 1]
6 [12 1]
7 [12 1]
8 [12 1]

800
[[5-8]]
[[5-8]]
[[5-8]]

800
[[1-4]]
[[1-4]]
[[1-4]]

990
[[1-8]]
[[1-8]]
[[1-8]]

990
[[1-8]]
[[1-8]]
[[1-8]]

990
[[1-8]]
[[1-8]]
[[1-8]]
