3 5

0 0
9
0 [1 5]
1 [3 2] [2 1]
2 [3 2] [2 1]
3 [4 2] [2 1]
4 [4 2] [2 1]
5 [9 1]
6 [9 1]
7 [9 1]
8 [9 1]

0 0
9
0 [1 4]
1 [2 2] [2 1]
2 [2 2] [2 1]
3 [3 2] [2 1]
4 [3 2] [2 1]
5 [9 1]
6 [9 1]
7 [9 1]
8 [9 1]

0 0
9
0 [1 3]
1 [2 2] [2 1]
2 [2 2] [2 1]
3 [3 2] [2 1]
4 [3 2] [2 1]
5 [9 1]
6 [9 1]
7 [9 1]
8 [9 1]

0 0
9
0 [1 3]
1 [2 2] [2 1]
2 [2 2] [2 1]
3 [3 2] [2 1]
4 [3 2] [2 1]
5 [9 1]
6 [9 1]
7 [9 1]
8 [9 1]

0 0
9
0 [1 3]
1 [2 2] [2 1]
2 [2 2] [2 1]
3 [3 2] [2 1]
4 [3 2] [2 1]
5 [9 1]
6 [9 1]
7 [9 1]
8 [9 1]

1
[[0-8]]
[[0-8]]
[[0-8]]

1
[[0-8]]
[[0-8]]
[[0-8]]

990
[[1-8]]
[[1-8]]
[[1-8]]

990
[[1-8]]
[[1-8]]
[[1-8]]

990
[[1-8]]
[[1-8]]
[[1-8]]
