<Reelset reelName="Test reelset" betsIndices="1 2 3" range="0 0" isFortuneBet="false" isMainCycle="true" isStartScreen="true" isFreeSpin="false" sectionName="test_section" section="-1">
	<Reel>
		<Symbols>5,2,2,15,14,1,1,1,14,5,5,8,1,1,1,6,6,14,18,8,8,4,4,8,6,6,15,3,3,6,7,7,14,15,14,6,0,0,8,5,5,33,1,1,1,5,8,7,15,15,6,3,3,0,0,17,15,3,3,3,17,4,4,5,2,2,5,7,14,6,8,8,7,0,0,7,3,3,3,0,0,16,6,6,3,3,3,5,8,6,6,19,2,2,6,3,3,4,4,16,17,7,7,8,6,7,8,8,14,1,1,7,7,16,14,15,8,8,7,5,1,1,16,3,3,8,0,0,16,15,6,6,5,2,2,7,1,1,1,15,5,5,1,1,14,7,7,8,5,5,1,1,14,14,3,3,6,5,5,8,8,19,14,2,2,4,4,17,8,8,5,7,1,1,18,4,4,5,5,20,7,7,6,3,3,3,7,7,14,16,6,6</Symbols>
		<Weights>1,1,1,1,1,1,1,1,1,1,1,1,1,1,1,1,1,1,1,1,1,1,1,1,1,1,1,1,1,1,1,1,1,1,1,1,1,1,1,1,1,1,1,1,1,1,1,1,1,1,1,1,1,1,1,1,1,1,1,1,1,1,1,1,1,1,1,1,1,1,1,1,1,1,1,1,1,1,1,1,1,1,1,1,1,1,1,1,1,1,1,1,1,1,1,1,1,1,1,1,1,1,1,1,1,1,1,1,1,1,1,1,1,1,1,1,1,1,1,1,1,1,1,1,1,1,1,1,1,1,1,1,1,1,1,1,1,1,1,1,1,1,1,1,1,1,1,1,1,1,1,1,1,1,1,1,1,1,1,1,1,1,1,1,1,1,1,1,1,1,1,1,1,1,1,1,1,1,1,1,1,1,1,1,1,1,1,1,1,1,1,1</Weights>
	</Reel>
	<Reel>
		<Symbols>6,5,8,7,7,8,5,4,4,4,6,6,5,8,8,16,6,6,8,5,5,17,15,8,8,6,5,5,6,8,5,5,17,0,0,0,6,3,3,1,1,34,2,2,2,4,4,14,16,5,5,7,4,4,4,16,15,1,1,8,8,19,14,6,6,7,2,2,2,15,6,6,0,0,4,4,15,15,2,2,8,8,3,3,14,18,6,6,0,0,17,5,5,8,0,0,0,14,6,6,7,1,1,7,2,2,14,4,4,5,7,7,15,8,8,7,7,14,1,1,6,3,3,5,7,2,2,2,14,8,8,7,6,2,2,21,3,3,1,1,8,4,4,4,5,0,0,16,5,5,3,3,16,17,4,4,2,2,15,14,0,0,0,5,7,7,18,4,4,4,14,14,7,7,4,4,8,0,0,6,7,7,5,2,2,2,7,0,0,6,7,8,0,0,0,19,2,2</Symbols>
		<Weights>1,1,1,1,1,1,1,1,1,1,1,1,1,1,1,1,1,1,1,1,1,1,1,1,1,1,1,1,1,1,1,1,1,1,1,1,1,1,1,1,1,1,1,1,1,1,1,1,1,1,1,1,1,1,1,1,1,1,1,1,1,1,1,1,1,1,1,1,1,1,1,1,1,1,1,1,1,1,1,1,1,1,1,1,1,1,1,1,1,1,1,1,1,1,1,1,1,1,1,1,1,1,1,1,1,1,1,1,1,1,1,1,1,1,1,1,1,1,1,1,1,1,1,1,1,1,1,1,1,1,1,1,1,1,1,1,1,1,1,1,1,1,1,1,1,1,1,1,1,1,1,1,1,1,1,1,1,1,1,1,1,1,1,1,1,1,1,1,1,1,1,1,1,1,1,1,1,1,1,1,1,1,1,1,1,1,1,1,1,1,1,1,1,1,1,1,1,1</Weights>
	</Reel>
	<Reel>
		<Symbols>3,3,14,0,0,8,6,6,8,7,5,5,6,8,7,7,14,16,0,0,5,8,19,14,7,6,6,5,2,2,8,7,5,5,16,1,1,1,15,7,7,1,1,5,7,7,14,18,4,4,2,2,17,1,1,8,7,3,3,3,35,4,4,1,1,1,14,5,5,7,3,3,3,19,1,1,1,5,4,4,14,14,5,5,1,1,6,6,17,15,0,0,5,1,1,15,2,2,6,7,7,5,3,3,3,6,6,16,15,5,5,3,3,17,1,1,1,6,5,8,8,16,6,6,7,8,8,3,3,15,14,8,8,5,2,2,16,17,3,3,7,8,8,20,0,0,6,8,8,6,5,5,8,6,6,18,7,7,6,0,0,6,4,4,6,3,3,3,14,8,8,1,1,14,7,7,3,3,15,15,2,2,7,8,4,4</Symbols>
		<Weights>1,1,1,1,1,1,1,1,1,1,1,1,1,1,1,1,1,1,1,1,1,1,1,1,1,1,1,1,1,1,1,1,1,1,1,1,1,1,1,1,1,1,1,1,1,1,1,1,1,1,1,1,1,1,1,1,1,1,1,1,1,1,1,1,1,1,1,1,1,1,1,1,1,1,1,1,1,1,1,1,1,1,1,1,1,1,1,1,1,1,1,1,1,1,1,1,1,1,1,1,1,1,1,1,1,1,1,1,1,1,1,1,1,1,1,1,1,1,1,1,1,1,1,1,1,1,1,1,1,1,1,1,1,1,1,1,1,1,1,1,1,1,1,1,1,1,1,1,1,1,1,1,1,1,1,1,1,1,1,1,1,1,1,1,1,1,1,1,1,1,1,1,1,1,1,1,1,1,1,1,1,1,1,1,1,1</Weights>
	</Reel>
	<Reel>
		<Symbols>5,3,3,8,0,0,0,16,17,3,3,7,7,8,6,6,17,15,5,5,6,8,8,14,16,6,6,8,7,6,2,2,14,15,14,6,6,8,8,14,5,6,8,8,17,5,5,0,0,0,14,4,4,8,1,1,5,7,7,8,15,14,5,5,7,4,4,14,18,0,0,3,3,15,2,2,8,8,5,7,6,2,2,7,4,4,4,19,6,6,8,8,1,1,16,7,7,6,4,4,6,2,2,14,5,5,1,1,8,4,4,7,2,2,2,6,7,1,1,15,0,0,7,2,2,14,7,7,2,2,2,16,14,15,0,0,0,5,15,15,8,0,0,8,4,4,4,14,14,6,6,0,0,0,17,3,3,0,0,4,4,16,15,2,2,2,5,5,22,7,7,5,3,3,16,7,7,5,6,6,5,2,2,2,18,4,4,4,21,5,5,6,0,0,19,14,1,1,4,4,4,7,8,8</Symbols>
		<Weights>1,1,1,1,1,1,1,1,1,1,1,1,1,1,1,1,1,1,1,1,1,1,1,1,1,1,1,1,1,1,1,1,1,1,1,1,1,1,1,1,1,1,1,1,1,1,1,1,1,1,1,1,1,1,1,1,1,1,1,1,1,1,1,1,1,1,1,1,1,1,1,1,1,1,1,1,1,1,1,1,1,1,1,1,1,1,1,1,1,1,1,1,1,1,1,1,1,1,1,1,1,1,1,1,1,1,1,1,1,1,1,1,1,1,1,1,1,1,1,1,1,1,1,1,1,1,1,1,1,1,1,1,1,1,1,1,1,1,1,1,1,1,1,1,1,1,1,1,1,1,1,1,1,1,1,1,1,1,1,1,1,1,1,1,1,1,1,1,1,1,1,1,1,1,1,1,1,1,1,1,1,1,1,1,1,1,1,1,1,1,1,1,1,1,1,1,1,1,1,1,1,1,1,1</Weights>
	</Reel>
	<Reel>
		<Symbols>3,3,5,5,8,14,14,7,6,6,7,7,15,5,5,6,7,7,5,6,1,1,1,7,17,8,5,3,3,22,8,8,7,4,4,17,15,6,6,7,8,6,2,2,17,7,7,8,8,20,7,7,6,8,1,1,1,6,8,8,5,5,14,8,8,1,1,6,5,1,1,19,6,6,5,8,0,0,1,1,16,17,2,2,8,7,5,3,3,3,19,14,1,1,1,14,16,3,3,5,5,14,18,6,6,0,0,16,3,3,3,7,7,15,1,1,2,2,14,6,6,2,2,0,0,15,15,5,5,4,4,7,8,8,6,4,4,7,3,3,3,5,0,0,14,3,3,3,8,4,4,2,2,18,3,3,5,1,1,1,15,14,0,0,8,8,16,4,4,1,1,5,7,7,14,6,6,8,3,3,6,7,5,5,16,15</Symbols>
		<Weights>1,1,1,1,1,1,1,1,1,1,1,1,1,1,1,1,1,1,1,1,1,1,1,1,1,1,1,1,1,1,1,1,1,1,1,1,1,1,1,1,1,1,1,1,1,1,1,1,1,1,1,1,1,1,1,1,1,1,1,1,1,1,1,1,1,1,1,1,1,1,1,1,1,1,1,1,1,1,1,1,1,1,1,1,1,1,1,1,1,1,1,1,1,1,1,1,1,1,1,1,1,1,1,1,1,1,1,1,1,1,1,1,1,1,1,1,1,1,1,1,1,1,1,1,1,1,1,1,1,1,1,1,1,1,1,1,1,1,1,1,1,1,1,1,1,1,1,1,1,1,1,1,1,1,1,1,1,1,1,1,1,1,1,1,1,1,1,1,1,1,1,1,1,1,1,1,1,1,1,1,1,1,1,1,1,1</Weights>
	</Reel>
</Reelset>