<Reelset reelName="Test reelset" betsIndices="1 2 3" range="0 0" isFortuneBet="false" isMainCycle="true" isStartScreen="true" isFreeSpin="false" sectionName="test_section" section="-1">
	<Reel>
		<Symbols>12,6,7,3,6,11,8,2,2,14,7,6,2,13,7,7,5,0,0,30,6,6,7,3,17,2,2,2,12,11,8,1,4,4,4,16,7,7,7,6,8,11,5,5,5,11,13,1,3,3,4,11,1,1,4,5,2,7,13,14,8,8,3,12,12,2,5,6,6,11,1,1,1,4,11,11,2,3,3,1,5,5,16,11,4,4,5,5,1,7,8,12,4,5,3,4,4,14,6,2,5,11,15,0,0,3,7,4,13,2,1,0,0,1,8,8,15,3,3,3,11,13,11,1,1,5,6,2,2,14,12,8,8,8,4,13,12,11,3,6,6,6,8,13,12,7,7,8</Symbols>
		<Weights>1,1,1,1,1,1,1,1,1,1,1,1,1,1,1,1,1,1,1,1,1,1,1,1,1,1,1,1,1,1,1,1,1,1,1,1,1,1,1,1,1,1,1,1,1,1,1,1,1,1,1,1,1,1,1,1,1,1,1,1,1,1,1,1,1,1,1,1,1,1,1,1,1,1,1,1,1,1,1,1,1,1,1,1,1,1,1,1,1,1,1,1,1,1,1,1,1,1,1,1,1,1,1,1,1,1,1,1,1,1,1,1,1,1,1,1,1,1,1,1,1,1,1,1,1,1,1,1,1,1,1,1,1,1,1,1,1,1,1,1,1,1,1,1,1,1,1,1</Weights>
	</Reel>
	<Reel>
		<Symbols>7,14,4,4,4,1,12,12,6,6,7,12,1,3,2,2,16,3,3,8,2,5,11,8,8,6,7,2,31,5,5,8,1,14,12,2,2,2,16,11,5,4,8,2,12,7,4,2,15,5,8,8,8,1,13,0,0,7,5,5,13,12,1,1,4,4,11,3,6,1,1,1,8,13,6,5,5,5,4,3,12,11,2,6,7,7,4,5,11,13,3,3,1,2,2,18,6,6,6,3,7,0,0,11,15,7,7,7,5,13,14,3,8,4,4,0,0,11,11,3,3,3,6,4,11,8,6,6,14,5,2,1,1,11,8,8,6,4,7,7,3,1</Symbols>
		<Weights>1,1,1,1,1,1,1,1,1,1,1,1,1,1,1,1,1,1,1,1,1,1,1,1,1,1,1,1,1,1,1,1,1,1,1,1,1,1,1,1,1,1,1,1,1,1,1,1,1,1,1,1,1,1,1,1,1,1,1,1,1,1,1,1,1,1,1,1,1,1,1,1,1,1,1,1,1,1,1,1,1,1,1,1,1,1,1,1,1,1,1,1,1,1,1,1,1,1,1,1,1,1,1,1,1,1,1,1,1,1,1,1,1,1,1,1,1,1,1,1,1,1,1,1,1,1,1,1,1,1,1,1,1,1,1,1,1,1,1,1,1,1</Weights>
	</Reel>
	<Reel>
		<Symbols>3,2,2,12,4,4,8,4,15,6,3,3,3,11,4,4,6,6,13,4,4,4,6,1,1,12,7,7,7,6,13,12,3,3,8,12,11,6,7,5,2,1,1,12,12,7,7,5,5,11,13,4,6,5,32,8,7,1,8,6,5,5,8,8,11,6,6,6,17,8,8,8,11,2,2,3,7,16,11,1,5,0,0,5,1,2,3,1,11,15,2,4,7,8,8,16,5,5,5,13,6,6,4,1,1,1,14,5,8,2,14,5,3,7,8,2,0,0,11,11,3,3,7,1,14,12,2,3,1,7,7,11,2,2,2,3,4,0,0,13,14,4</Symbols>
		<Weights>1,1,1,1,1,1,1,1,1,1,1,1,1,1,1,1,1,1,1,1,1,1,1,1,1,1,1,1,1,1,1,1,1,1,1,1,1,1,1,1,1,1,1,1,1,1,1,1,1,1,1,1,1,1,1,1,1,1,1,1,1,1,1,1,1,1,1,1,1,1,1,1,1,1,1,1,1,1,1,1,1,1,1,1,1,1,1,1,1,1,1,1,1,1,1,1,1,1,1,1,1,1,1,1,1,1,1,1,1,1,1,1,1,1,1,1,1,1,1,1,1,1,1,1,1,1,1,1,1,1,1,1,1,1,1,1,1,1,1,1,1,1</Weights>
	</Reel>
	<Reel>
		<Symbols>8,6,5,19,1,1,4,14,12,7,1,1,8,7,11,6,3,7,13,14,1,0,0,4,13,6,6,1,3,12,11,2,8,8,8,12,7,4,5,5,13,12,11,2,2,2,18,5,5,4,7,13,12,2,2,1,11,13,8,8,2,5,3,3,3,11,7,7,7,8,0,0,3,4,4,12,3,3,2,7,1,16,11,5,4,1,11,13,11,6,6,6,11,4,5,5,5,2,6,6,11,3,0,0,1,6,12,12,5,8,8,11,11,5,4,4,4,3,3,14,4,4,8,2,15,6,7,7,8,16,2,2,3,14,6,5,2,8,13,6,7,7,3,11,15,1,1,1</Symbols>
		<Weights>1,1,1,1,1,1,1,1,1,1,1,1,1,1,1,1,1,1,1,1,1,1,1,1,1,1,1,1,1,1,1,1,1,1,1,1,1,1,1,1,1,1,1,1,1,1,1,1,1,1,1,1,1,1,1,1,1,1,1,1,1,1,1,1,1,1,1,1,1,1,1,1,1,1,1,1,1,1,1,1,1,1,1,1,1,1,1,1,1,1,1,1,1,1,1,1,1,1,1,1,1,1,1,1,1,1,1,1,1,1,1,1,1,1,1,1,1,1,1,1,1,1,1,1,1,1,1,1,1,1,1,1,1,1,1,1,1,1,1,1,1,1,1,1,1,1,1,1</Weights>
	</Reel>
	<Reel>
		<Symbols>7,1,2,2,5,7,11,15,6,1,4,4,4,1,13,12,2,6,6,8,7,6,11,3,3,8,5,19,6,3,0,0,14,12,8,2,5,5,5,4,3,11,0,0,7,2,4,15,8,8,5,6,6,12,11,1,1,6,6,6,16,3,8,0,0,11,13,5,2,2,4,14,8,3,3,12,12,4,2,3,6,13,1,3,3,3,13,4,4,7,1,4,14,3,7,1,1,1,11,8,8,6,2,12,1,7,7,12,3,4,5,11,2,2,2,16,11,6,1,1,5,2,7,7,7,13,14,4,4,8,5,5,17,8,8,8,7,7,11,11,5,5</Symbols>
		<Weights>1,1,1,1,1,1,1,1,1,1,1,1,1,1,1,1,1,1,1,1,1,1,1,1,1,1,1,1,1,1,1,1,1,1,1,1,1,1,1,1,1,1,1,1,1,1,1,1,1,1,1,1,1,1,1,1,1,1,1,1,1,1,1,1,1,1,1,1,1,1,1,1,1,1,1,1,1,1,1,1,1,1,1,1,1,1,1,1,1,1,1,1,1,1,1,1,1,1,1,1,1,1,1,1,1,1,1,1,1,1,1,1,1,1,1,1,1,1,1,1,1,1,1,1,1,1,1,1,1,1,1,1,1,1,1,1,1,1,1,1,1,1</Weights>
	</Reel>
</Reelset>