<Reelset reelName="Test reelset" betsIndices="1 2 3" range="0 0" isFortuneBet="false" isMainCycle="true" isStartScreen="true" isFreeSpin="false" sectionName="test_section" section="-1">
	<Reel>
		<Symbols>5,5,16,11,0,0,4,2,2,13,6,6,4,3,7,11,6,1,1,1,12,11,6,8,8,12,1,4,7,12,12,2,3,3,3,6,7,7,11,2,2,2,30,5,5,5,13,14,4,4,3,5,11,15,4,4,4,1,14,7,0,0,1,11,8,7,5,11,2,2,5,3,3,15,8,2,6,5,1,13,11,12,8,5,2,3,7,14,12,2,1,1,8,11,11,3,3,6,4,13,7,7,7,1,1,12,8,8,6,6,8,11,13,7,7,1,5,5,8,7,16,4,3,6,6,6,13,12,8,8,8,2,4,4,17,6,3,5,14,1,2,4,11,12,11,3,0,0</Symbols>
		<Weights>1,1,1,1,1,1,1,1,1,1,1,1,1,1,1,1,1,1,1,1,1,1,1,1,1,1,1,1,1,1,1,1,1,1,1,1,1,1,1,1,1,1,1,1,1,1,1,1,1,1,1,1,1,1,1,1,1,1,1,1,1,1,1,1,1,1,1,1,1,1,1,1,1,1,1,1,1,1,1,1,1,1,1,1,1,1,1,1,1,1,1,1,1,1,1,1,1,1,1,1,1,1,1,1,1,1,1,1,1,1,1,1,1,1,1,1,1,1,1,1,1,1,1,1,1,1,1,1,1,1,1,1,1,1,1,1,1,1,1,1,1,1,1,1,1,1,1,1</Weights>
	</Reel>
	<Reel>
		<Symbols>11,6,3,3,3,8,5,15,4,8,7,5,5,5,14,7,7,7,1,13,0,0,3,11,13,5,2,1,5,6,4,4,13,14,7,7,0,0,11,8,6,6,6,4,3,3,11,0,0,1,1,14,6,4,4,3,12,12,6,4,1,16,7,2,1,16,11,7,8,4,6,13,1,8,5,5,7,13,12,2,3,1,1,1,3,11,15,2,8,8,12,6,2,2,2,11,3,3,1,8,8,3,5,11,11,4,7,2,2,12,5,5,3,7,7,14,12,2,2,8,8,8,5,7,2,12,11,5,8,6,6,31,4,4,4,6,6,18,1,1,2,4</Symbols>
		<Weights>1,1,1,1,1,1,1,1,1,1,1,1,1,1,1,1,1,1,1,1,1,1,1,1,1,1,1,1,1,1,1,1,1,1,1,1,1,1,1,1,1,1,1,1,1,1,1,1,1,1,1,1,1,1,1,1,1,1,1,1,1,1,1,1,1,1,1,1,1,1,1,1,1,1,1,1,1,1,1,1,1,1,1,1,1,1,1,1,1,1,1,1,1,1,1,1,1,1,1,1,1,1,1,1,1,1,1,1,1,1,1,1,1,1,1,1,1,1,1,1,1,1,1,1,1,1,1,1,1,1,1,1,1,1,1,1,1,1,1,1,1,1</Weights>
	</Reel>
	<Reel>
		<Symbols>2,8,13,7,3,8,11,5,3,7,14,8,8,8,11,3,2,4,12,8,6,2,2,4,1,1,13,12,6,6,6,13,0,0,5,7,7,16,11,2,2,2,12,8,8,6,5,7,1,1,14,3,3,7,1,1,1,32,8,8,4,4,1,3,3,3,11,15,0,0,3,3,11,11,6,6,8,2,0,0,12,11,1,5,5,5,11,6,6,1,3,4,4,4,5,2,2,6,7,7,7,2,12,12,1,4,2,16,6,8,1,11,5,5,4,17,2,3,4,5,13,14,8,3,5,5,7,11,13,4,4,6,1,14,12,4,7,7,5,15,6,7</Symbols>
		<Weights>1,1,1,1,1,1,1,1,1,1,1,1,1,1,1,1,1,1,1,1,1,1,1,1,1,1,1,1,1,1,1,1,1,1,1,1,1,1,1,1,1,1,1,1,1,1,1,1,1,1,1,1,1,1,1,1,1,1,1,1,1,1,1,1,1,1,1,1,1,1,1,1,1,1,1,1,1,1,1,1,1,1,1,1,1,1,1,1,1,1,1,1,1,1,1,1,1,1,1,1,1,1,1,1,1,1,1,1,1,1,1,1,1,1,1,1,1,1,1,1,1,1,1,1,1,1,1,1,1,1,1,1,1,1,1,1,1,1,1,1,1,1</Weights>
	</Reel>
	<Reel>
		<Symbols>2,2,15,8,6,6,11,12,11,2,3,0,0,11,5,1,7,7,7,11,15,1,5,7,6,6,6,12,1,1,2,5,5,5,18,2,2,2,7,3,8,8,8,2,11,6,1,7,12,12,8,4,6,11,7,7,8,11,11,4,4,6,6,11,1,1,0,0,14,2,8,8,16,11,5,1,1,1,14,12,4,0,0,6,13,3,7,5,4,4,6,3,11,13,2,2,4,5,5,13,12,2,4,3,6,1,13,3,3,3,7,16,8,8,5,13,11,12,3,3,1,7,19,5,5,2,14,4,4,4,8,13,14,3,4,7,7,12,11,1,5,3,3,8,4,12,6,8</Symbols>
		<Weights>1,1,1,1,1,1,1,1,1,1,1,1,1,1,1,1,1,1,1,1,1,1,1,1,1,1,1,1,1,1,1,1,1,1,1,1,1,1,1,1,1,1,1,1,1,1,1,1,1,1,1,1,1,1,1,1,1,1,1,1,1,1,1,1,1,1,1,1,1,1,1,1,1,1,1,1,1,1,1,1,1,1,1,1,1,1,1,1,1,1,1,1,1,1,1,1,1,1,1,1,1,1,1,1,1,1,1,1,1,1,1,1,1,1,1,1,1,1,1,1,1,1,1,1,1,1,1,1,1,1,1,1,1,1,1,1,1,1,1,1,1,1,1,1,1,1,1,1</Weights>
	</Reel>
	<Reel>
		<Symbols>1,1,4,2,16,8,5,2,2,2,19,3,3,1,4,7,6,14,5,1,7,7,7,6,11,11,5,3,3,3,11,6,6,4,3,7,11,5,8,8,8,17,0,0,2,4,4,7,2,11,1,6,6,3,13,14,8,5,5,2,8,14,5,1,3,5,5,5,11,15,0,0,4,5,5,6,13,3,7,2,2,15,3,3,1,7,7,6,8,1,2,12,4,6,7,1,1,12,12,3,8,2,16,11,4,0,0,13,12,6,5,7,11,13,8,4,4,3,2,2,13,8,8,4,4,4,11,1,1,1,14,12,8,8,7,7,12,11,6,6,6,12</Symbols>
		<Weights>1,1,1,1,1,1,1,1,1,1,1,1,1,1,1,1,1,1,1,1,1,1,1,1,1,1,1,1,1,1,1,1,1,1,1,1,1,1,1,1,1,1,1,1,1,1,1,1,1,1,1,1,1,1,1,1,1,1,1,1,1,1,1,1,1,1,1,1,1,1,1,1,1,1,1,1,1,1,1,1,1,1,1,1,1,1,1,1,1,1,1,1,1,1,1,1,1,1,1,1,1,1,1,1,1,1,1,1,1,1,1,1,1,1,1,1,1,1,1,1,1,1,1,1,1,1,1,1,1,1,1,1,1,1,1,1,1,1,1,1,1,1</Weights>
	</Reel>
</Reelset>