
3 5

0 0
9
0 [1 5]
1 [2 2] [2 1]
2 [6 2] [6 1]
3 [2 2] [2 1]
4 [6 2] [6 1]
5 [6 1]
6 [18 1]
7 [6 1]
8 [18 1]

0 0
9
0 [1 5]
1 [6 2] [6 1]
2 [2 2] [2 1]
3 [6 2] [6 1]
4 [2 2] [2 1]
5 [18 1]
6 [6 1]
7 [18 1]
8 [6 1]

0 0
9
0 [1 5]
1 [2 2] [2 1]
2 [6 2] [6 1]
3 [2 2] [2 1]
4 [6 2] [6 1]
5 [6 1]
6 [18 1]
7 [6 1]
8 [18 1]

0 0
9
0 [1 5]
1 [6 2] [6 1]
2 [2 2] [2 1]
3 [6 2] [6 1]
4 [2 2] [2 1]
5 [18 1]
6 [6 1]
7 [18 1]
8 [6 1]

0 0
9
0 [1 5]
1 [2 2] [2 1]
2 [6 2] [6 1]
3 [2 2] [2 1]
4 [6 2] [6 1]
5 [6 1]
6 [18 1]
7 [6 1]
8 [18 1]

870
[[2,4,6,8]]
[[2,4,6,8]]
[[2,4,6,8]]

870
[[1,3,5,7]]
[[1,3,5,7]]
[[1,3,5,7]]

870
[[2,4,6,8]]
[[2,4,6,8]]
[[2,4,6,8]]

870
[[1,3,5,7]]
[[1,3,5,7]]
[[1,3,5,7]]

870
[[2,4,6,8]]
[[2,4,6,8]]
[[2,4,6,8]]
