3 5

0 0
9
0 [2 5]
1 [5 2] [4 1]
2 [5 2] [4 1]
3 [7 2] [5 1]
4 [7 2] [5 1]
5 [7 1]
6 [7 1]
7 [7 1]
8 [7 1]

0 0
9
0 [2 5]
1 [5 2] [4 1]
2 [5 2] [4 1]
3 [7 2] [5 1]
4 [7 2] [5 1]
5 [7 1]
6 [7 1]
7 [7 1]
8 [7 1]

0 0
9
0 [2 5]
1 [5 2] [4 1]
2 [5 2] [4 1]
3 [7 2] [5 1]
4 [7 2] [5 1]
5 [7 1]
6 [7 1]
7 [7 1]
8 [7 1]

0 0
9
0 [2 5]
1 [5 2] [4 1]
2 [5 2] [4 1]
3 [7 2] [5 1]
4 [7 2] [5 1]
5 [7 1]
6 [7 1]
7 [7 1]
8 [7 1]

0 0
9
0 [2 5]
1 [5 2] [4 1]
2 [5 2] [4 1]
3 [7 2] [5 1]
4 [7 2] [5 1]
5 [7 1]
6 [7 1]
7 [7 1]
8 [7 1]
