3 5

2 3
14 [7 3] [6 2] [7 1]
33 [1 1]
9
0 [2 2] [1 3]
1 [2 2] [2 3]
2 [3 2] [2 3]
3 [3 2] [3 3]
4 [4 2] [3 3]
5 [3 1] [2 2] [1 3]
6 [3 1] [2 2] [1 3]
7 [4 1] [3 2] [1 3]
8 [4 1] [3 2] [1 3]

2 3
14 [7 3] [6 2] [7 1]
33 [1 1]
9
0 [2 2] [1 3]
1 [2 2] [2 3]
2 [3 2] [2 3]
3 [3 2] [3 3]
4 [4 2] [3 3]
5 [3 1] [2 2] [1 3]
6 [3 1] [2 2] [1 3]
7 [4 1] [3 2] [1 3]
8 [4 1] [3 2] [1 3]

2 3
14 [7 3] [6 2] [7 1]
33 [1 1]
9
0 [2 2] [1 3]
1 [2 2] [2 3]
2 [3 2] [2 3]
3 [3 2] [3 3]
4 [4 2] [3 3]
5 [3 1] [2 2] [1 3]
6 [3 1] [2 2] [1 3]
7 [4 1] [3 2] [1 3]
8 [4 1] [3 2] [1 3]

1 3
38 [3 1]
9
0 [2 2] [1 3]
1 [2 2] [2 3]
2 [3 2] [2 3]
3 [3 2] [3 3]
4 [4 2] [3 3]
5 [2 1] [2 2] [1 3]
6 [2 1] [2 2] [1 3]
7 [3 1] [2 2] [1 3]
8 [3 1] [2 2] [1 3]

5 3
14 [7 3] [6 2] [7 1]
33 [1 1]
34 [1 1]
35 [1 1]
36 [1 1]
9
0 [2 2] [1 3]
1 [2 2] [2 3]
2 [3 2] [2 3]
3 [3 2] [3 3]
4 [4 2] [3 3]
5 [3 1] [2 2] [1 3]
6 [3 1] [2 2] [1 3]
7 [4 1] [3 2] [1 3]
8 [4 1] [3 2] [1 3]

7600   !691   !9   !800  900
[[0-8] [14]  [33]  [14]  [14]]
[[0-8] [0-8] [0-8] [14]  [14]]
[[0-8] [0-8] [0-8] [0-8] [14]]

7600   !691   !9    !800  900
[[0-8] [14]  [33]  [14]  [14]]
[[0-8] [0-8] [0-8] [14]  [14]]
[[0-8] [0-8] [0-8] [0-8] [14]]

7600   !691  !9    !800  900
[[0-8] [14]  [33]  [14]  [14]]
[[0-8] [0-8] [0-8] [14]  [14]]
[[0-8] [0-8] [0-8] [0-8] [14]]

!125   875
[[38]  [0-8]]
[[0-8] [0-8]]
[[0-8] [0-8]]

7600   !676  !6    !6    !6     !6     !800  900
[[0-8] [14]  [33]  [34]  [35]  [36]  [14]  [14]]
[[0-8] [0-8] [0-8] [0-8] [0-8] [0-8] [14]  [14]]
[[0-8] [0-8] [0-8] [0-8] [0-8] [0-8] [0-8] [14]]
