3 5

1 3
38 [3 1]
9
0 [2 2] [1 3]
1 [2 2] [2 3]
2 [3 2] [2 3]
3 [3 2] [3 3]
4 [4 2] [3 3]
5 [2 1] [2 2] [1 3]
6 [2 1] [2 2] [1 3]
7 [3 1] [2 2] [1 3]
8 [3 1] [2 2] [1 3]

1 3
14 [3 3]
9
0 [2 2] [1 3]
1 [2 2] [2 3]
2 [3 2] [2 3]
3 [3 2] [3 3]
4 [4 2] [3 3]
5 [2 1] [2 2] [1 3]
6 [2 1] [2 2] [1 3]
7 [3 1] [2 2] [1 3]
8 [3 1] [2 2] [1 3]

1 3
14 [3 3]
9
0 [2 2] [1 3]
1 [2 2] [2 3]
2 [3 2] [2 3]
3 [3 2] [3 3]
4 [4 2] [3 3]
5 [2 1] [2 2] [1 3]
6 [2 1] [2 2] [1 3]
7 [3 1] [2 2] [1 3]
8 [3 1] [2 2] [1 3]

1 3
14 [3 3]
9
0 [2 2] [1 3]
1 [2 2] [2 3]
2 [3 2] [2 3]
3 [3 2] [3 3]
4 [4 2] [3 3]
5 [2 1] [2 2] [1 3]
6 [2 1] [2 2] [1 3]
7 [3 1] [2 2] [1 3]
8 [3 1] [2 2] [1 3]

1 3
14 [3 3]
9
0 [2 2] [1 3]
1 [2 2] [2 3]
2 [3 2] [2 3]
3 [3 2] [3 3]
4 [4 2] [3 3]
5 [2 1] [2 2] [1 3]
6 [2 1] [2 2] [1 3]
7 [3 1] [2 2] [1 3]
8 [3 1] [2 2] [1 3]

!1667 8333
[[38]  [0-8]]
[[0-8] [0-8]]
[[0-8] [0-8]]

841    29    30    100
[[0-8] [14]  [14]  [14]]
[[0-8] [0-8] [14]  [14]]
[[0-8] [0-8] [0-8] [14]]

841    29    30    100
[[0-8] [14]  [14]  [14]]
[[0-8] [0-8] [14]  [14]]
[[0-8] [0-8] [0-8] [14]]

841    29    30    100
[[0-8] [14]  [14]  [14]]
[[0-8] [0-8] [14]  [14]]
[[0-8] [0-8] [0-8] [14]]

841    29    30    100
[[0-8] [14]  [14]  [14]]
[[0-8] [0-8] [14]  [14]]
[[0-8] [0-8] [0-8] [14]]
