3 5

0 0
9
0 [1 5]
1 [3 2] [3 1]
2 [3 2] [3 1]
3 [4 2] [3 1]
4 [4 2] [3 1]
5 [12 1]
6 [12 1]
7 [12 1]
8 [12 1]

0 0
9
0 [1 5]
1 [3 2] [3 1]
2 [3 2] [3 1]
3 [4 2] [3 1]
4 [4 2] [3 1]
5 [12 1]
6 [12 1]
7 [12 1]
8 [12 1]

0 0
9
0 [1 5]
1 [3 2] [3 1]
2 [3 2] [3 1]
3 [4 2] [3 1]
4 [4 2] [3 1]
5 [12 1]
6 [12 1]
7 [12 1]
8 [12 1]

0 0
9
0 [1 5]
1 [3 2] [3 1]
2 [3 2] [3 1]
3 [4 2] [3 1]
4 [4 2] [3 1]
5 [12 1]
6 [12 1]
7 [12 1]
8 [12 1]

0 0
9
0 [1 5]
1 [3 2] [3 1]
2 [3 2] [3 1]
3 [4 2] [3 1]
4 [4 2] [3 1]
5 [12 1]
6 [12 1]
7 [12 1]
8 [12 1]
